1 660 0 749 556 21 72 1
1 660 1 748 556 21 71 1
1 660 2 748 556 21 71 1
1 660 3 748 556 21 71 1
1 660 4 748 556 21 71 1
1 660 5 748 556 21 71 1
1 660 6 748 556 21 71 1
1 660 7 748 556 21 71 1
1 660 8 748 556 21 71 1
1 660 9 748 556 21 71 1
1 660 10 748 556 21 71 1
1 660 11 748 556 21 71 1
1 660 12 748 556 21 71 1
1 660 13 748 556 21 71 1
1 660 14 748 556 21 71 1
1 660 15 748 556 21 71 1
1 660 16 748 556 21 71 1
1 660 17 748 556 21 71 1
1 660 18 748 556 21 71 1
1 660 19 748 556 21 71 1
1 660 20 748 556 21 71 1
1 660 21 748 556 21 71 1
1 660 22 748 556 21 71 1
1 660 23 748 556 21 71 1
1 660 24 748 556 21 71 1
1 660 25 747 556 22 71 1
1 660 26 747 556 22 71 1
1 660 27 747 556 22 71 1
1 660 28 747 556 22 71 1
1 660 29 747 556 22 71 1
1 660 30 747 556 22 71 1
1 660 31 747 556 22 71 1
1 660 32 747 556 22 71 1
1 660 33 747 556 22 71 1
1 660 34 747 556 22 71 1
1 660 35 747 556 22 71 1
1 660 36 747 556 22 71 1
1 660 37 747 556 22 71 1
1 660 38 747 556 22 71 1
1 660 39 747 556 22 71 1
1 660 40 747 556 22 71 1
1 660 41 747 556 22 71 1
1 660 42 747 556 22 71 1
1 660 43 747 556 22 71 1
1 660 44 747 556 22 71 1
1 660 45 747 555 22 72 1
1 660 46 747 555 22 72 1
1 660 47 747 555 22 72 1
1 660 48 747 555 22 72 1
1 660 49 746 555 23 72 1
1 660 50 746 555 23 72 1
1 660 51 746 555 23 72 1
1 660 52 746 555 23 72 1
1 660 53 746 555 23 72 1
1 660 54 746 555 23 72 1
1 660 55 746 555 23 72 1
1 660 56 746 555 23 72 1
1 660 57 746 555 23 72 1
1 660 58 746 555 23 72 1
1 660 59 746 555 23 72 1
1 660 60 746 555 23 72 1
1 660 61 746 555 23 72 1
1 660 62 746 555 23 72 1
1 660 63 746 555 23 72 1
1 660 64 746 555 23 72 1
1 660 65 746 555 23 72 1
1 660 66 746 555 23 72 1
1 660 67 746 555 23 72 1
1 660 68 746 555 23 72 1
1 660 69 746 555 23 72 1
1 660 70 746 555 23 72 1
1 660 71 746 555 23 72 1
1 660 72 746 555 23 72 1
1 660 73 746 555 23 72 1
1 660 74 746 556 24 72 1
1 660 75 746 556 24 72 1
1 660 76 746 556 24 72 1
1 660 77 746 556 24 72 1
1 660 78 746 556 24 72 1
1 660 79 746 556 24 72 1
1 660 80 746 556 24 72 1
1 660 81 746 556 24 72 1
1 660 82 746 556 24 72 1
1 660 83 746 556 24 72 1
1 660 84 746 556 24 72 1
1 660 85 746 556 24 72 1
1 660 86 747 556 24 72 1
1 660 87 747 556 24 72 1
1 660 88 747 556 24 72 1
1 660 89 747 556 24 72 1
1 660 90 747 556 24 72 1
1 660 91 747 556 24 72 1
1 660 92 747 556 24 72 1
1 660 93 747 556 24 72 1
1 660 94 747 556 24 72 1
1 660 95 747 556 24 72 1
1 660 96 747 556 24 72 1
1 660 97 747 556 24 72 1
1 660 98 748 556 24 72 1
1 660 99 748 556 24 72 1
1 660 100 748 556 24 72 1
1 660 101 748 556 24 72 1
1 660 102 748 556 24 72 1
1 660 103 748 556 24 72 1
1 660 104 748 556 24 72 1
1 660 105 748 556 24 72 1
1 660 106 748 556 24 72 1
1 660 107 748 556 24 72 1
1 660 108 748 556 24 72 1
1 660 109 748 556 24 72 1
1 660 110 749 556 24 72 1
1 660 111 749 555 24 72 1
1 660 112 749 555 24 72 1
1 660 113 749 555 24 72 1
1 660 114 749 555 24 72 1
1 660 115 749 555 24 72 1
1 660 116 749 555 24 72 1
1 660 117 749 555 24 72 1
1 660 118 749 555 24 72 1
1 660 119 750 555 24 72 1
1 660 120 750 555 24 72 1
1 660 121 750 555 24 72 1
1 660 122 750 555 24 72 1
1 660 123 750 555 24 72 1
1 660 124 750 555 24 72 1
1 660 125 750 555 24 72 1
1 660 126 750 555 24 72 1
1 660 127 750 555 24 72 1
1 660 128 751 555 24 72 1
1 660 129 751 554 24 72 1
1 660 130 751 554 24 72 1
1 660 131 751 554 24 72 1
1 660 132 751 554 24 72 1
1 660 133 751 554 24 72 1
1 660 134 751 554 24 72 1
1 660 135 751 554 24 72 1
1 660 136 751 554 24 72 1
1 660 137 752 554 24 72 1
1 660 138 752 554 24 72 1
1 660 139 752 554 24 72 1
1 660 140 752 554 24 72 1
1 660 141 752 554 24 72 1
1 660 142 752 554 24 72 1
1 660 143 752 554 24 72 1
1 660 144 752 554 24 72 1
1 660 145 752 554 24 72 1
1 660 146 753 554 24 72 1
1 660 147 753 553 24 72 1
1 660 148 753 553 24 72 1
1 660 149 753 553 24 72 1
1 660 150 753 553 24 72 1
1 660 151 753 553 25 72 1
1 660 152 753 553 25 72 1
1 660 153 754 553 24 72 1
1 660 154 754 553 24 72 1
1 660 155 754 553 24 72 1
1 660 156 754 553 25 72 1
1 660 157 754 553 25 72 1
1 660 158 754 553 25 72 1
1 660 159 754 553 25 72 1
1 660 160 755 553 25 72 1
1 660 161 755 553 25 72 1
1 660 162 755 553 25 72 1
1 660 163 755 553 25 72 1
1 660 164 755 553 25 72 1
1 660 165 755 553 26 72 1
1 660 166 755 553 26 72 1
1 660 167 756 553 25 72 1
1 660 168 756 553 25 72 1
1 660 169 756 553 26 72 1
1 660 170 756 553 26 72 1
1 660 171 756 553 26 72 1
1 660 172 756 553 26 72 1
1 660 173 757 553 26 72 1
1 660 174 757 554 26 70 1
1 660 175 757 555 27 69 1
1 660 176 758 557 27 67 1
1 660 177 758 558 28 66 1
1 660 178 758 559 29 65 1
1 660 179 759 561 29 63 1
1 660 180 759 562 30 62 1
1 660 181 760 564 30 61 1
1 660 182 760 563 29 62 1
1 660 183 760 563 29 62 1
1 660 184 761 563 28 63 1
1 660 185 761 562 28 64 1
1 660 186 761 562 28 64 1
1 660 187 762 562 27 65 1
1 660 188 762 561 27 66 1
1 660 189 763 561 26 67 1
1 660 190 763 561 26 67 1
1 660 191 763 560 26 68 1
1 660 192 763 559 26 68 1
1 660 193 763 559 26 68 1
1 660 194 764 559 26 68 1
1 660 195 764 559 26 68 1
1 660 196 765 559 26 68 1
1 660 197 765 559 26 68 1
1 660 198 766 559 26 68 1
1 660 199 766 559 26 68 1
1 660 200 767 559 26 68 1
1 660 201 767 558 26 68 1
1 660 202 767 558 26 68 1
1 660 203 768 558 26 68 1
1 660 204 768 558 26 68 1
1 660 205 769 558 26 68 1
1 660 206 769 558 26 68 1
1 660 207 770 558 26 68 1
1 660 208 770 558 26 68 1
1 660 209 771 558 26 68 1
1 660 210 771 558 26 68 1
1 660 211 771 558 26 68 1
1 660 212 771 558 26 68 1
1 660 213 771 558 26 68 1
1 660 214 771 558 26 68 1
1 660 215 771 558 26 68 1
1 660 216 771 558 26 68 1
1 660 217 771 558 26 68 1
1 660 218 771 558 26 68 1
1 660 219 771 558 26 68 1
1 660 220 771 558 26 68 1
1 660 221 771 558 26 68 1
1 660 222 771 558 26 68 1
1 660 223 771 558 26 68 1
1 660 224 771 558 26 68 1
1 660 225 771 558 26 68 1
1 660 226 771 558 26 68 1
1 660 227 771 558 26 68 1
1 660 228 771 558 26 68 1
1 660 229 771 558 26 68 1
1 660 230 771 558 26 68 1
1 660 231 771 558 26 68 1
1 660 232 771 558 26 68 1
1 660 233 771 558 26 68 1
1 660 234 771 558 26 68 1
1 660 235 771 558 26 68 1
1 660 236 771 558 26 68 1
1 660 237 771 558 26 68 1
1 660 238 771 558 26 68 1
1 660 239 771 558 26 68 1
1 660 240 771 558 26 68 1
1 660 241 771 558 26 68 1
1 660 242 771 558 26 68 1
1 660 243 771 558 26 68 1
1 660 244 771 558 26 68 1
1 660 245 771 558 26 68 1
1 660 246 771 558 26 68 1
1 660 247 771 558 26 68 1
1 660 248 771 558 26 68 1
1 660 249 771 558 26 68 1
1 660 250 771 558 26 68 1
1 660 251 771 558 26 68 1
1 660 252 771 558 26 68 1
1 660 253 771 558 26 68 1
1 660 254 771 558 26 68 1
1 660 255 771 558 26 68 1
1 660 256 771 558 26 68 1
1 660 257 771 558 26 68 1
1 660 258 771 558 26 68 1
1 660 259 771 558 26 68 1
1 660 260 771 558 26 68 1
1 660 261 771 558 26 68 1
1 660 262 771 558 26 68 1
1 660 263 771 558 26 68 1
1 660 264 771 558 26 68 1
1 660 265 771 558 26 68 1
1 660 266 771 558 26 68 1
1 660 267 771 558 26 68 1
1 660 268 771 558 26 68 1
1 660 269 771 558 26 68 1
1 660 270 771 558 26 68 1
1 660 271 771 558 26 68 1
1 660 272 771 558 26 68 1
1 660 273 771 558 26 68 1
1 660 274 771 558 26 68 1
1 660 275 771 558 26 68 1
1 660 276 771 558 26 68 1
1 660 277 771 558 26 68 1
1 660 278 771 558 26 68 1
1 660 279 771 558 26 68 1
1 660 280 771 558 26 68 1
1 660 281 771 558 26 68 1
1 660 282 771 558 26 68 1
1 660 283 771 558 26 68 1
1 660 284 771 558 26 68 1
1 660 285 771 558 26 68 1
1 660 286 771 558 26 68 1
1 660 287 771 558 26 68 1
1 660 288 771 558 26 68 1
1 660 289 771 558 26 68 1
1 660 290 771 558 26 68 1
1 660 291 771 558 26 68 1
1 660 292 771 558 26 68 1
1 660 293 771 558 26 68 1
1 660 294 771 558 26 68 1
1 660 295 771 558 26 68 1
1 660 296 771 558 26 68 1
1 660 297 771 558 26 68 1
1 660 298 771 558 26 68 1
1 660 299 771 558 26 68 1
1 660 300 771 558 26 68 1
1 660 301 771 558 26 68 1
1 660 302 771 558 26 68 1
1 660 303 771 558 26 68 1
1 660 304 771 558 26 68 1
1 660 305 771 558 26 68 1
1 660 306 771 558 26 68 1
1 660 307 771 558 26 68 1
1 660 308 771 558 26 68 1
1 660 309 771 558 26 68 1
1 660 310 772 558 26 68 1
1 660 311 772 558 26 68 1
1 660 312 772 558 26 68 1
1 660 313 772 558 26 68 1
1 660 314 772 558 26 68 1
1 660 315 772 558 26 68 1
1 660 316 772 558 26 68 1
1 660 317 772 558 26 68 1
1 660 318 772 558 26 68 1
1 660 319 772 558 26 68 1
1 660 320 772 558 26 68 1
1 660 321 773 558 26 68 1
1 660 322 773 558 26 68 1
1 660 323 773 558 26 68 1
1 660 324 773 558 26 68 1
1 660 325 773 558 26 68 1
1 660 326 773 558 26 68 1
1 660 327 773 558 26 68 1
1 660 328 773 558 26 68 1
1 660 329 773 558 26 68 1
1 660 330 773 558 26 68 1
1 660 331 773 558 26 68 1
1 660 332 774 558 26 68 1
1 660 333 774 558 26 68 1
1 660 334 774 558 26 68 1
1 660 335 774 558 26 68 1
1 660 336 774 558 26 68 1
1 660 337 774 558 26 68 1
1 660 338 774 558 26 68 1
1 660 339 774 558 26 68 1
1 660 340 774 558 26 68 1
1 660 341 774 558 26 68 1
1 660 342 774 558 26 68 1
1 660 343 775 558 26 68 1
1 660 344 775 558 26 68 1
1 660 345 775 558 26 68 1
1 660 346 775 558 26 68 1
1 660 347 775 558 26 68 1
1 660 348 775 558 26 68 1
1 660 349 775 558 26 68 1
1 660 350 775 558 26 68 1
1 660 351 775 558 26 68 1
1 660 352 775 558 26 68 1
1 660 353 776 558 26 68 1
1 660 354 776 558 26 68 1
1 660 355 776 558 26 68 1
1 660 356 777 558 26 68 1
1 660 357 777 558 26 68 1
1 660 358 777 558 26 68 1
1 660 359 778 558 26 68 1
1 660 360 778 558 26 68 1
1 660 361 779 558 26 68 1
1 660 362 779 558 26 68 1
1 660 363 779 558 26 68 1
1 660 364 780 558 26 68 1
1 660 365 780 558 26 68 1
1 660 366 781 558 26 68 1
1 660 367 781 558 26 68 1
1 660 368 781 558 26 68 1
1 660 369 782 558 26 68 1
1 660 370 782 558 26 68 1
1 660 371 783 559 26 68 1
1 660 372 783 559 26 68 1
1 660 373 783 559 26 68 1
1 660 374 783 559 26 68 1
1 660 375 783 559 26 68 1
1 660 376 783 559 26 68 1
1 660 377 784 559 26 68 1
1 660 378 784 559 26 68 1
1 660 379 784 559 26 68 1
1 660 380 784 559 26 68 1
1 660 381 784 559 26 68 1
1 660 382 784 559 26 68 1
1 660 383 785 559 26 68 1
1 660 384 785 559 26 68 1
1 660 385 785 559 26 68 1
1 660 386 785 559 26 68 1
1 660 387 785 559 26 68 1
1 660 388 785 559 26 68 1
1 660 389 786 559 26 68 1
1 660 390 786 558 26 68 1
1 660 391 786 558 26 68 1
1 660 392 787 558 26 68 1
1 660 393 787 558 26 68 1
1 660 394 787 558 26 68 1
1 660 395 788 558 26 68 1
1 660 396 788 557 26 68 1
1 660 397 789 557 26 68 1
1 660 398 789 557 26 68 1
1 660 399 789 557 26 68 1
1 660 400 790 557 26 68 1
1 660 401 790 557 26 68 1
1 660 402 791 556 26 68 1
1 660 403 791 556 26 68 1
1 660 404 791 556 26 68 1
1 660 405 792 556 26 68 1
1 660 406 792 556 26 68 1
1 660 407 793 556 26 68 1
1 660 408 793 556 26 68 1
1 660 409 793 556 26 68 1
1 660 410 793 556 26 68 1
1 660 411 793 556 26 68 1
1 660 412 794 556 26 68 1
1 660 413 794 556 26 68 1
1 660 414 794 556 26 68 1
1 660 415 794 556 26 68 1
1 660 416 795 556 26 68 1
1 660 417 795 556 26 68 1
1 660 418 795 556 26 68 1
1 660 419 795 556 26 68 1
1 660 420 795 556 26 68 1
1 660 421 796 556 26 68 1
1 660 422 796 556 26 68 1
1 660 423 796 556 26 68 1
1 660 424 796 556 26 68 1
1 660 425 797 556 26 68 1
1 660 426 797 555 26 68 1
1 660 427 797 555 26 68 1
1 660 428 797 555 26 68 1
1 660 429 798 555 26 68 1
1 660 430 798 555 26 68 1
1 660 431 798 555 26 68 1
1 660 432 798 554 26 69 1
1 660 433 799 554 26 69 1
1 660 434 799 554 26 68 1
1 660 435 799 554 26 68 1
1 660 436 800 554 26 68 1
1 660 437 800 554 26 68 1
1 660 438 800 553 26 69 1
1 660 439 800 553 26 69 1
1 660 440 801 553 26 69 1
1 660 441 801 553 26 69 1
1 660 442 801 553 26 69 1
1 660 443 802 553 26 69 1
1 660 444 802 552 26 69 1
1 660 445 802 552 26 69 1
1 660 446 802 552 26 69 1
1 660 447 802 552 26 69 1
1 660 448 803 552 26 69 1
1 660 449 803 552 26 69 1
1 660 450 803 551 26 69 1
1 660 451 803 551 26 69 1
1 660 452 804 551 26 69 1
1 660 453 804 551 26 69 1
1 660 454 804 551 26 69 1
1 660 455 804 551 26 69 1
1 660 456 804 551 26 69 1
1 660 457 805 550 26 69 1
1 660 458 805 550 26 69 1
1 660 459 805 550 26 69 1
1 660 460 805 550 26 69 1
1 660 461 806 550 26 69 1
1 660 462 806 550 26 69 1
1 660 463 806 550 26 69 1
1 660 464 806 549 26 69 1
1 660 465 806 549 26 69 1
1 660 466 807 549 26 69 1
1 660 467 807 549 26 69 1
1 660 468 807 549 26 69 1
1 660 469 807 549 26 69 1
1 660 470 808 549 26 69 1
1 660 471 808 548 26 69 1
1 660 472 808 548 26 69 1
1 660 473 809 548 26 69 1
1 660 474 809 548 26 69 1
1 660 475 810 547 26 69 1
1 660 476 810 547 26 69 1
1 660 477 811 547 26 69 1
1 660 478 811 547 26 69 1
1 660 479 812 547 26 69 1
1 660 480 812 546 26 69 1
1 660 481 812 546 26 69 1
1 660 482 813 546 26 69 1
1 660 483 813 546 26 69 1
1 660 484 814 545 26 69 1
1 660 485 814 545 26 69 1
1 660 486 815 545 26 69 1
1 660 487 815 545 26 69 1
1 660 488 816 545 26 69 1
1 660 489 816 544 26 69 1
1 660 490 817 544 26 69 1
1 660 491 818 544 26 69 1
1 660 492 818 544 26 69 1
1 660 493 819 544 26 69 1
1 660 494 820 544 26 69 1
1 660 495 820 544 26 69 1
1 660 496 821 544 26 69 1
1 660 497 822 544 26 69 1
1 660 498 822 543 26 69 1
1 660 499 823 543 26 69 1
1 660 500 824 543 26 69 1
1 660 501 824 543 26 69 1
1 660 502 825 543 26 69 1
1 660 503 826 543 26 69 1
1 660 504 826 543 26 69 1
1 660 505 827 543 26 69 1
1 660 506 828 543 26 69 1
1 660 507 828 543 26 69 1
1 660 508 829 543 26 69 1
1 660 509 830 543 26 69 1
1 660 510 831 543 26 69 1
1 660 511 832 543 26 69 1
1 660 512 833 543 26 69 1
1 660 513 833 543 26 69 1
1 660 514 834 543 26 69 1
1 660 515 835 543 26 69 1
1 660 516 836 543 26 69 1
1 660 517 837 543 26 69 1
1 660 518 838 543 26 69 1
1 660 519 838 543 26 69 1
1 660 520 839 543 26 69 1
1 660 521 840 543 26 69 1
1 660 522 841 543 26 69 1
1 660 523 842 543 26 69 1
1 660 524 843 543 26 69 1
1 660 525 843 542 26 69 1
1 660 526 844 542 26 69 1
1 660 527 845 542 26 69 1
1 660 528 846 541 26 69 1
1 660 529 847 541 26 69 1
1 660 530 848 541 26 69 1
1 660 531 849 540 26 69 1
1 660 532 850 540 26 69 1
1 660 533 851 540 26 69 1
1 660 534 852 539 26 69 1
1 660 535 853 539 26 69 1
1 660 536 854 539 26 69 1
1 660 537 855 538 26 69 1
1 660 538 856 538 26 69 1
1 660 539 857 538 26 69 1
1 660 540 858 537 26 69 1
1 660 541 859 537 26 69 1
1 660 542 860 537 26 69 1
1 660 543 861 537 26 68 1
1 660 544 862 537 26 68 1
1 660 545 863 537 26 68 1
1 660 546 865 537 25 68 1
1 660 547 866 537 26 68 1
1 660 548 867 537 26 68 1
1 660 549 868 537 26 68 1
1 660 550 870 537 25 68 1
1 660 551 871 537 25 67 1
1 660 552 872 537 26 67 1
1 660 553 874 537 25 67 1
1 660 554 875 537 25 67 1
1 660 555 876 537 25 67 1
1 660 556 877 537 26 67 1
1 660 557 879 537 25 67 1
1 660 558 880 537 25 67 1
1 660 559 881 537 25 67 1
1 660 560 883 538 25 66 1
1 660 561 884 537 25 66 1
1 660 562 885 537 26 66 1
1 660 563 886 537 26 66 1
1 660 564 887 537 27 66 1
1 660 565 888 537 27 66 1
1 660 566 889 537 28 66 1
1 660 567 890 537 28 66 1
1 660 568 891 537 29 66 1
1 660 569 893 537 29 66 1
1 660 570 894 537 29 65 1
1 660 571 895 538 30 64 1
1 660 572 896 539 30 63 1
1 660 573 897 540 31 62 1
1 660 574 898 540 31 62 1
1 660 575 899 541 32 61 1
1 660 576 900 542 32 60 1
1 660 577 901 543 33 59 1
1 660 578 902 544 34 58 1
1 660 579 902 544 34 58 1
1 660 580 903 544 34 58 1
1 660 581 904 544 34 58 1
1 660 582 905 544 34 58 1
1 660 583 906 544 34 58 1
1 660 584 907 544 34 58 1
1 660 585 908 544 34 58 1
1 660 586 909 544 34 58 1
1 660 587 910 545 34 58 1
1 660 588 910 544 34 58 1
1 660 589 911 544 33 57 1
1 660 590 912 544 32 56 1
1 660 591 912 543 33 57 1
1 660 592 913 543 32 56 1
1 660 593 914 543 31 55 1
1 660 594 915 543 30 54 1
1 660 595 915 542 31 55 1
1 660 596 916 542 30 54 1
1 660 597 917 542 29 53 1
1 660 598 918 542 28 52 1
1 660 599 918 541 29 53 1
1 660 600 919 541 28 52 1
1 660 601 920 541 27 51 1
1 660 602 920 540 28 52 1
1 660 603 921 540 27 51 1
1 660 604 922 540 26 50 1
1 660 605 923 540 26 50 1
1 660 606 923 540 26 48 1
1 660 607 923 540 26 47 1
1 660 608 923 540 26 46 1
1 660 609 923 540 27 45 1
1 660 610 923 540 27 44 1
1 660 611 923 540 27 43 1
1 660 612 923 540 28 42 1
1 660 613 923 540 28 41 1
1 660 614 923 540 29 41 1
1 660 615 922 540 29 40 1
1 660 616 922 540 29 40 1
1 660 617 922 540 29 40 1
1 660 618 922 540 29 40 1
1 660 619 922 540 29 40 1
1 660 620 922 540 29 40 1
1 660 621 922 540 29 40 1
1 660 622 922 540 29 40 1
1 660 623 922 540 29 40 1
1 660 624 922 540 29 40 1
1 660 625 922 540 29 40 1
1 660 626 922 540 29 40 1
1 660 627 922 540 29 40 1
1 660 628 922 540 29 40 1
1 660 629 922 540 29 40 1
1 660 630 922 540 29 40 1
1 660 631 922 540 29 40 1
1 660 632 922 541 30 39 1
1 660 633 922 542 29 37 1
1 660 634 923 543 28 36 1
1 660 635 923 544 28 35 1
1 660 636 924 545 27 34 1
1 660 637 924 546 27 33 1
1 660 638 925 547 26 32 1
1 660 639 925 548 26 31 1
1 660 640 926 549 25 30 1
1 660 641 927 550 24 29 1
1 660 642 927 550 23 28 1
1 660 643 928 551 22 27 1
1 660 644 929 551 21 27 1
1 660 645 930 552 20 26 1
1 660 646 930 552 20 26 1
1 660 647 931 553 19 25 1
1 660 648 932 553 18 25 1
1 660 649 933 554 17 24 1
1 660 650 934 555 16 23 1
1 660 651 934 555 15 22 1
1 660 652 935 556 14 20 1
1 660 653 936 556 13 20 1
1 660 654 937 557 12 18 1
1 660 655 938 558 11 17 1
1 660 656 939 558 10 17 1
1 660 657 940 559 9 15 1
1 660 658 941 559 8 15 1
1 660 659 942 560 8 14 1
2 573 366 1202 408 61 46 2
2 573 367 1199 408 61 46 2
2 573 368 1197 408 61 46 2
2 573 369 1195 409 61 46 2
2 573 370 1193 409 61 46 2
2 573 371 1191 410 61 46 2
2 573 372 1188 410 61 46 2
2 573 373 1186 410 61 46 2
2 573 374 1184 411 61 46 2
2 573 375 1182 411 61 46 2
2 573 376 1180 412 61 46 2
2 573 377 1178 412 61 46 2
2 573 378 1176 413 62 46 2
2 573 379 1175 414 61 46 2
2 573 380 1173 414 62 47 2
2 573 381 1172 415 61 47 2
2 573 382 1170 416 62 47 2
2 573 383 1169 417 61 47 2
2 573 384 1167 417 62 48 2
2 573 385 1166 418 62 48 2
2 573 386 1164 419 62 48 2
2 573 387 1162 419 63 49 2
2 573 388 1161 420 62 49 2
2 573 389 1159 421 63 49 2
2 573 390 1158 421 62 50 2
2 573 391 1156 422 63 50 2
2 573 392 1155 423 63 50 2
2 573 393 1153 424 63 50 2
2 573 394 1152 424 63 51 2
2 573 395 1150 425 63 51 2
2 573 396 1148 426 64 51 2
2 573 397 1147 426 63 52 2
2 573 398 1145 427 64 52 2
2 573 399 1144 428 64 52 2
2 573 400 1142 429 64 52 2
2 573 401 1141 429 64 53 2
2 573 402 1139 430 64 53 2
2 573 403 1138 431 64 53 2
2 573 404 1136 431 65 54 2
2 573 405 1134 432 65 54 2
2 573 406 1133 433 65 54 2
2 573 407 1131 433 65 55 2
2 573 408 1130 434 65 55 2
2 573 409 1128 435 65 55 2
2 573 410 1127 436 65 55 2
2 573 411 1125 436 66 56 2
2 573 412 1123 437 66 56 2
2 573 413 1122 438 66 56 2
2 573 414 1120 438 66 57 2
2 573 415 1118 438 66 58 2
2 573 416 1117 439 66 58 2
2 573 417 1115 440 67 58 2
2 573 418 1114 441 67 58 2
2 573 419 1112 442 67 58 2
2 573 420 1111 443 67 58 2
2 573 421 1109 444 68 58 2
2 573 422 1108 445 68 58 2
2 573 423 1106 446 68 58 2
2 573 424 1105 447 68 58 2
2 573 425 1103 448 69 58 2
2 573 426 1101 449 69 58 2
2 573 427 1100 450 69 58 2
2 573 428 1098 451 70 58 2
2 573 429 1097 452 69 58 2
2 573 430 1095 453 70 58 2
2 573 431 1093 453 70 59 2
2 573 432 1091 453 70 60 2
2 573 433 1089 454 71 60 2
2 573 434 1088 455 70 60 2
2 573 435 1086 456 71 60 2
2 573 436 1085 457 71 60 2
2 573 437 1083 458 71 60 2
2 573 438 1082 459 71 60 2
2 573 439 1080 460 72 60 2
2 573 440 1079 461 71 60 2
2 573 441 1077 462 72 60 2
2 573 442 1076 463 72 60 2
2 573 443 1074 464 72 60 2
2 573 444 1073 465 72 60 2
2 573 445 1071 466 73 61 2
2 573 446 1070 467 72 61 2
2 573 447 1068 468 73 61 2
2 573 448 1067 469 73 61 2
2 573 449 1065 470 73 61 2
2 573 450 1064 471 73 61 2
2 573 451 1062 472 74 61 2
2 573 452 1061 473 73 61 2
2 573 453 1059 474 74 61 2
2 573 454 1058 475 74 61 2
2 573 455 1056 476 74 61 2
2 573 456 1055 477 74 61 2
2 573 457 1053 478 75 61 2
2 573 458 1051 478 75 62 2
2 573 459 1049 478 75 63 2
2 573 460 1047 479 76 63 2
2 573 461 1046 480 75 63 2
2 573 462 1044 481 76 63 2
2 573 463 1043 482 76 63 2
2 573 464 1041 483 76 63 2
2 573 465 1040 484 76 63 2
2 573 466 1038 485 77 63 2
2 573 467 1037 486 76 63 2
2 573 468 1035 486 77 64 2
2 573 469 1033 487 78 64 2
2 573 470 1032 488 77 64 2
2 573 471 1030 489 78 64 2
2 573 472 1029 490 78 64 2
2 573 473 1027 491 78 64 2
2 573 474 1026 492 78 64 2
2 573 475 1024 493 79 64 2
2 573 476 1022 493 79 65 2
2 573 477 1020 493 79 66 2
2 573 478 1018 494 80 66 2
2 573 479 1016 495 80 66 2
2 573 480 1014 496 81 67 2
2 573 481 1013 497 81 67 2
2 573 482 1011 498 81 67 2
2 573 483 1009 499 82 67 2
2 573 484 1007 500 82 68 2
2 573 485 1006 501 82 68 2
2 573 486 1004 502 83 68 2
2 573 487 1002 503 83 69 2
2 573 488 1000 504 84 69 2
2 573 489 998 505 84 69 2
2 573 490 997 506 84 69 2
2 573 491 995 507 85 70 2
2 573 492 993 508 85 70 2
2 573 493 991 509 86 70 2
2 573 494 990 510 86 71 2
2 573 495 988 510 86 71 2
2 573 496 987 511 86 71 2
2 573 497 986 512 86 71 2
2 573 498 984 512 87 72 2
2 573 499 983 513 87 72 2
2 573 500 982 514 87 72 2
2 573 501 980 515 88 71 2
2 573 502 979 515 88 72 2
2 573 503 978 516 87 72 2
2 573 504 977 517 87 72 2
2 573 505 975 518 88 72 2
2 573 506 974 518 88 73 2
2 573 507 973 519 88 73 2
2 573 508 971 520 89 72 2
2 573 509 970 521 89 72 2
2 573 510 969 521 89 73 2
2 573 511 967 522 90 73 2
2 573 512 966 523 89 73 2
2 573 513 965 524 89 73 2
2 573 514 964 524 89 74 2
2 573 515 962 525 90 73 2
2 573 516 961 526 90 73 2
2 573 517 960 527 90 73 2
2 573 518 958 527 91 74 2
2 573 519 957 528 91 74 2
2 573 520 956 529 91 74 2
2 573 521 955 530 91 74 2
2 573 522 954 530 91 74 2
2 573 523 953 530 91 74 2
2 573 524 952 531 91 74 2
2 573 525 951 531 91 74 2
2 573 526 950 532 92 74 2
2 573 527 949 532 92 74 2
2 573 528 948 532 92 75 2
2 573 529 947 533 92 74 2
2 573 530 946 533 92 75 2
2 573 531 945 534 93 74 2
2 573 532 944 534 93 75 2
2 573 533 943 534 93 75 2
2 573 534 942 535 93 75 2
2 573 535 941 535 94 75 2
2 573 536 940 536 94 75 2
2 573 537 939 536 94 75 2
2 573 538 938 536 94 76 2
2 573 539 937 537 94 75 2
2 573 540 936 537 95 76 2
2 573 541 935 538 95 75 2
2 573 542 934 538 95 76 2
2 573 543 933 538 95 76 2
2 573 544 932 539 96 76 2
2 573 545 931 539 96 76 2
2 573 546 930 540 96 76 2
2 573 547 929 540 96 76 2
2 573 548 929 541 96 76 2
2 573 549 928 541 96 76 2
2 573 550 927 541 96 76 2
2 573 551 926 541 96 76 2
2 573 552 925 541 96 76 2
2 573 553 924 540 96 77 2
2 573 554 923 540 96 77 2
2 573 555 922 540 96 77 2
2 573 556 922 540 96 77 2
2 573 557 922 540 96 77 2
2 573 558 922 541 96 77 2
2 573 559 922 541 96 77 2
2 573 560 922 542 96 77 2
2 573 561 922 542 96 77 2
2 573 562 922 543 96 77 2
2 573 563 922 543 96 77 2
2 573 564 922 544 96 77 2
2 573 565 922 544 96 77 2
2 573 566 922 544 97 77 2
2 573 567 922 545 97 77 2
2 573 568 922 545 97 77 2
2 573 569 922 546 97 77 2
2 573 570 922 546 97 77 2
2 573 571 922 547 97 77 2
2 573 572 922 547 97 77 2
2 573 573 922 548 97 77 2
2 573 574 922 548 97 77 2
2 573 575 923 549 97 77 2
2 573 576 923 549 97 77 2
2 573 577 923 549 97 77 2
2 573 578 923 549 97 77 2
2 573 579 923 549 97 77 2
2 573 580 923 549 97 77 2
2 573 581 923 549 97 77 2
2 573 582 923 549 97 77 2
2 573 583 923 549 97 77 2
2 573 584 923 549 97 77 2
2 573 585 923 549 97 77 2
2 573 586 923 549 97 77 2
2 573 587 923 549 97 77 2
2 573 588 923 549 97 77 2
2 573 589 923 549 97 77 2
2 573 590 923 549 97 77 2
2 573 591 923 549 97 77 2
2 573 592 923 549 97 77 2
2 573 593 923 549 97 77 2
2 573 594 923 549 97 77 2
2 573 595 923 549 97 77 2
2 573 596 923 549 97 77 2
2 573 597 923 549 97 77 2
2 573 598 923 549 97 77 2
2 573 599 923 549 97 77 2
2 573 600 923 549 97 77 2
2 573 601 923 549 97 77 2
2 573 602 923 549 97 77 2
2 573 603 923 549 97 77 2
2 573 604 923 549 97 77 2
2 573 605 923 549 97 77 2
2 573 606 923 549 97 77 2
2 573 607 923 549 97 77 2
2 573 608 923 549 97 77 2
2 573 609 923 549 97 77 2
2 573 610 923 549 97 77 2
2 573 611 923 549 97 77 2
2 573 612 923 549 97 77 2
2 573 613 923 549 97 77 2
2 573 614 923 549 97 77 2
2 573 615 923 549 97 77 2
2 573 616 923 549 97 77 2
2 573 617 923 549 97 77 2
2 573 618 923 549 97 77 2
2 573 619 923 549 97 77 2
2 573 620 923 549 97 77 2
2 573 621 923 549 97 77 2
2 573 622 923 549 97 77 2
2 573 623 923 549 97 77 2
2 573 624 923 549 97 77 2
2 573 625 923 549 97 77 2
2 573 626 923 549 97 77 2
2 573 627 923 549 97 77 2
2 573 628 923 549 97 77 2
2 573 629 923 549 97 77 2
2 573 630 923 549 97 77 2
2 573 631 923 549 97 77 2
2 573 632 923 549 97 77 2
2 573 633 923 549 97 77 2
2 573 634 923 549 97 77 2
2 573 635 923 549 97 77 2
2 573 636 923 549 97 77 2
2 573 637 923 549 97 77 2
2 573 638 923 549 97 77 2
2 573 639 923 549 97 77 2
2 573 640 923 549 97 77 2
2 573 641 923 549 97 77 2
2 573 642 923 549 97 77 2
2 573 643 923 549 97 77 2
2 573 644 923 549 97 77 2
2 573 645 923 549 97 77 2
2 573 646 923 549 97 77 2
2 573 647 923 549 97 77 2
2 573 648 923 549 97 77 2
2 573 649 923 549 97 77 2
2 573 650 923 549 97 77 2
2 573 651 923 549 97 77 2
2 573 652 923 549 97 77 2
2 573 653 923 549 97 77 2
2 573 654 923 549 97 77 2
2 573 655 923 549 97 77 2
2 573 656 923 549 97 77 2
2 573 657 923 549 97 77 2
2 573 658 923 549 97 77 2
2 573 659 923 549 97 77 2
2 573 660 923 549 97 77 2
2 573 661 923 549 97 77 2
2 573 662 923 549 97 77 2
2 573 663 923 549 97 77 2
2 573 664 923 549 97 77 2
2 573 665 923 549 97 77 2
2 573 666 923 549 97 77 2
2 573 667 923 549 97 77 2
2 573 668 923 549 97 77 2
2 573 669 923 549 97 77 2
2 573 670 923 549 97 77 2
2 573 671 923 549 97 77 2
2 573 672 923 549 97 77 2
2 573 673 923 549 97 77 2
2 573 674 923 549 97 77 2
2 573 675 923 549 97 77 2
2 573 676 923 549 97 77 2
2 573 677 923 549 97 77 2
2 573 678 923 549 97 77 2
2 573 679 923 549 97 77 2
2 573 680 923 549 97 77 2
2 573 681 923 549 97 77 2
2 573 682 923 549 97 77 2
2 573 683 923 549 97 77 2
2 573 684 923 549 97 77 2
2 573 685 923 549 97 77 2
2 573 686 923 549 97 77 2
2 573 687 923 549 97 77 2
2 573 688 923 549 97 77 2
2 573 689 923 549 97 77 2
2 573 690 923 549 97 77 2
2 573 691 923 549 97 77 2
2 573 692 923 549 97 77 2
2 573 693 923 549 97 77 2
2 573 694 923 549 97 77 2
2 573 695 923 549 97 77 2
2 573 696 923 549 97 77 2
2 573 697 923 549 97 77 2
2 573 698 923 549 97 77 2
2 573 699 923 549 97 77 2
2 573 700 923 549 97 77 2
2 573 701 923 549 97 77 2
2 573 702 923 549 97 77 2
2 573 703 923 549 97 77 2
2 573 704 923 549 97 77 2
2 573 705 923 549 97 77 2
2 573 706 923 549 97 77 2
2 573 707 923 549 97 77 2
2 573 708 923 549 97 77 2
2 573 709 923 549 97 77 2
2 573 710 923 549 97 77 2
2 573 711 923 549 97 77 2
2 573 712 923 549 97 77 2
2 573 713 923 549 97 77 2
2 573 714 923 549 97 77 2
2 573 715 923 549 97 77 2
2 573 716 923 549 97 77 2
2 573 717 923 549 97 77 2
2 573 718 923 549 97 77 2
2 573 719 923 549 97 77 2
2 573 720 923 549 97 77 2
2 573 721 923 549 97 77 2
2 573 722 923 549 97 77 2
2 573 723 923 549 97 77 2
2 573 724 923 549 97 77 2
2 573 725 923 549 97 77 2
2 573 726 923 549 97 77 2
2 573 727 923 549 97 77 2
2 573 728 923 549 97 77 2
2 573 729 923 549 97 77 2
2 573 730 923 549 97 77 2
2 573 731 923 549 97 77 2
2 573 732 923 549 97 77 2
2 573 733 923 549 97 77 2
2 573 734 923 549 97 77 2
2 573 735 923 549 97 77 2
2 573 736 923 549 97 77 2
2 573 737 923 549 97 77 2
2 573 738 922 549 97 77 2
2 573 739 922 549 97 77 2
2 573 740 921 549 97 77 2
2 573 741 921 549 97 77 2
2 573 742 921 550 97 77 2
2 573 743 920 550 97 77 2
2 573 744 920 550 97 77 2
2 573 745 920 550 97 77 2
2 573 746 919 551 97 77 2
2 573 747 919 551 97 77 2
2 573 748 919 551 97 77 2
2 573 749 918 551 97 77 2
2 573 750 918 551 97 77 2
2 573 751 917 552 97 77 2
2 573 752 917 552 97 77 2
2 573 753 917 552 97 77 2
2 573 754 916 552 97 77 2
2 573 755 916 553 97 77 2
2 573 756 916 553 97 77 2
2 573 757 915 553 97 77 2
2 573 758 915 553 97 77 2
2 573 759 915 553 97 77 2
2 573 760 914 554 97 77 2
2 573 761 914 554 97 77 2
2 573 762 913 554 97 77 2
2 573 763 913 554 97 77 2
2 573 764 913 555 97 77 2
2 573 765 912 555 97 77 2
2 573 766 912 555 97 77 2
2 573 767 912 555 97 77 2
2 573 768 911 555 97 77 2
2 573 769 911 556 97 77 2
2 573 770 911 556 97 77 2
2 573 771 910 556 97 77 2
2 573 772 910 556 97 77 2
2 573 773 910 557 97 77 2
2 573 774 908 557 98 77 2
2 573 775 907 558 98 77 2
2 573 776 906 558 98 78 2
2 573 777 904 559 99 78 2
2 573 778 903 559 99 79 2
2 573 779 902 560 99 79 2
2 573 780 900 561 100 79 2
2 573 781 899 561 100 80 2
2 573 782 898 562 100 80 2
2 573 783 897 562 100 81 2
2 573 784 895 563 101 81 2
2 573 785 894 564 101 81 2
2 573 786 893 564 101 81 2
2 573 787 891 565 102 81 2
2 573 788 890 565 102 82 2
2 573 789 889 566 102 82 2
2 573 790 888 567 102 82 2
2 573 791 886 567 103 83 2
2 573 792 885 568 103 83 2
2 573 793 884 568 103 84 2
2 573 794 882 569 104 84 2
2 573 795 881 570 104 84 2
2 573 796 880 570 104 85 2
2 573 797 878 571 105 85 2
2 573 798 877 571 105 86 2
2 573 799 876 572 105 86 2
2 573 800 875 573 106 86 2
2 573 801 873 573 106 87 2
2 573 802 871 574 107 87 2
2 573 803 870 575 106 87 2
2 573 804 868 576 107 87 2
2 573 805 866 577 107 88 2
2 573 806 865 578 107 88 2
2 573 807 863 579 107 88 2
2 573 808 861 580 108 88 2
2 573 809 860 581 107 88 2
2 573 810 858 581 108 90 2
2 573 811 856 582 109 90 2
2 573 812 855 583 108 90 2
2 573 813 853 584 109 90 2
2 573 814 851 585 109 91 2
2 573 815 850 586 109 91 2
2 573 816 848 587 109 91 2
2 573 817 846 588 110 91 2
2 573 818 845 589 110 92 2
2 573 819 842 590 111 92 2
2 573 820 840 591 111 92 2
2 573 821 837 592 113 92 2
2 573 822 835 593 113 93 2
2 573 823 833 594 114 93 2
2 573 824 830 596 115 92 2
2 573 825 828 597 116 92 2
2 573 826 825 598 117 93 2
2 573 827 823 599 118 93 2
2 573 828 821 600 118 93 2
2 573 829 818 601 120 94 2
2 573 830 816 603 120 93 2
2 573 831 813 604 122 93 2
2 573 832 811 605 122 93 2
2 573 833 809 606 123 94 2
2 573 834 806 607 124 94 2
2 573 835 804 608 125 94 2
2 573 836 802 610 126 94 2
2 573 837 798 610 128 95 2
2 573 838 794 611 130 95 2
2 573 839 791 612 131 95 2
2 573 840 787 613 133 95 2
2 573 841 784 614 134 96 2
2 573 842 780 615 136 96 2
2 573 843 777 616 137 96 2
2 573 844 773 617 139 96 2
2 573 845 770 618 140 96 2
2 573 846 766 619 142 97 2
2 573 847 762 620 144 97 2
2 573 848 759 621 145 97 2
2 573 849 755 622 147 97 2
2 573 850 752 623 148 96 2
2 573 851 748 624 150 95 2
2 573 852 745 625 151 94 2
2 573 853 741 626 153 93 2
2 573 854 738 627 155 92 2
2 573 855 733 627 157 92 2
2 573 856 728 628 159 91 2
2 573 857 723 629 161 90 2
2 573 858 719 630 162 89 2
2 573 859 714 631 164 88 2
2 573 860 709 632 167 87 2
2 573 861 705 633 168 86 2
2 573 862 700 634 170 85 2
2 573 863 695 634 172 85 2
2 573 864 691 635 173 84 2
2 573 865 686 636 176 83 2
2 573 866 681 637 178 82 2
2 573 867 677 638 179 81 2
2 573 868 672 639 181 80 2
2 573 869 667 640 183 79 2
2 573 870 663 641 185 78 2
2 573 871 653 643 188 76 2
2 573 872 643 645 192 74 2
2 573 873 638 645 193 74 2
2 573 874 633 645 193 74 2
2 573 875 628 645 193 74 2
2 573 876 622 645 194 74 2
2 573 877 617 645 194 74 2
2 573 878 612 645 194 74 2
2 573 879 606 645 195 74 2
2 573 880 601 645 195 74 2
2 573 881 596 645 195 74 2
2 573 882 590 645 196 74 2
2 573 883 585 645 196 74 2
2 573 884 580 645 196 74 2
2 573 885 575 645 196 74 2
2 573 886 569 645 198 74 2
2 573 887 564 645 198 74 2
2 573 888 559 645 198 74 2
2 573 889 553 645 199 74 2
2 573 890 548 645 199 74 2
2 573 891 543 645 199 74 2
2 573 892 537 644 200 75 2
2 573 893 532 644 200 75 2
2 573 894 527 644 200 75 2
2 573 895 521 644 201 75 2
2 573 896 516 644 201 75 2
2 573 897 511 644 201 75 2
2 573 898 506 644 201 75 2
2 573 899 500 644 203 75 2
2 573 900 495 644 203 75 2
2 573 901 490 644 203 75 2
2 573 902 484 644 204 75 2
2 573 903 479 644 204 75 2
2 573 904 474 644 204 75 2
2 573 905 468 644 205 75 2
2 573 906 463 644 205 75 2
2 573 907 458 644 205 75 2
2 573 908 452 644 206 75 2
2 573 909 447 644 206 75 2
2 573 910 442 644 206 75 2
2 573 911 437 644 207 75 2
2 573 912 432 643 207 76 2
2 573 913 427 643 207 76 2
2 573 914 422 642 207 77 2
2 573 915 417 642 207 77 2
2 573 916 412 641 207 78 2
2 573 917 407 641 207 78 2
2 573 918 402 640 207 79 2
2 573 919 397 640 207 79 2
2 573 920 393 640 206 79 2
2 573 921 388 639 206 80 2
2 573 922 383 639 206 80 2
2 573 923 378 638 206 81 2
2 573 924 373 638 206 81 2
2 573 925 368 637 206 82 2
2 573 926 363 637 206 82 2
2 573 927 358 636 206 83 2
2 573 928 353 636 206 83 2
2 573 929 349 636 206 83 2
2 573 930 345 635 205 84 2
2 573 931 341 634 205 85 2
2 573 932 337 634 204 85 2
2 573 933 333 633 204 86 2
2 573 934 329 633 203 86 2
2 573 935 325 632 203 87 2
2 573 936 321 632 202 87 2
2 573 937 317 631 202 88 2
2 573 938 313 631 202 88 2
